0 0.68984375 0.16953125 0.6203125 0.3390625
0 0.93359375 0.9640625 0.1328125 0.071875
0 0.83828125 0.94453125 0.1890625 0.1109375
0 0.925 0.71796875 0.15 0.3515625
0 0.71796875 0.93125 0.1921875 0.1375
0 0.8288867496954582 0.68671875 0.19546600092285046 0.34375
0 0.92109375 0.42890625 0.1578125 0.1796875
0 0.59140625 0.90703125 0.2015625 0.1859375
0 0.7036457202380939 0.65390625 0.20251703732004528 0.35625
0 0.809375 0.41484375 0.18125 0.1515625
0 0.47578125 0.8984375 0.1921875 0.203125
0 0.5805481816814311 0.62421875 0.19949216686969465 0.3578125
0 0.6859375 0.3984375 0.184375 0.11875
0 0.41171875 0.88046875 0.0640625 0.2390625
0 0.46796875 0.58671875 0.1765625 0.3609375
0 0.56015625 0.38125 0.1828125 0.084375
0 0.40859375 0.5546875 0.0578125 0.359375