0 0.775 0.234375 0.45 0.46875
0 0.275 0.734375 0.55 0.53125
0 0.93984375 0.96015625 0.1203125 0.0796875
0 0.709375 0.953125 0.309375 0.09375
0 0.94609375 0.85703125 0.1078125 0.1203125
0 0.7155480969918798 0.8398484470178639 0.3238659683433749 0.1234281059642722
0 0.94609375 0.72734375 0.1078125 0.1234375
0 0.7196025771063775 0.7138853405913731 0.3362841477265238 0.11910431881725377
0 0.95078125 0.6015625 0.0984375 0.121875
0 0.7259598969124496 0.5855102880049483 0.33790119480442443 0.12227478292387647
0 0.72890625 0.49375 0.3421875 0.05