0 0.34765625 0.33359375 0.0359375 0.2515625
0 0.4109375 0.334375 0.1375 0.25
0 0.3859375 0.10625 0.1125 0.2125
0 0.525 0.33359375 0.1375 0.2515625
0 0.490625 0.10625 0.146875 0.2125
0 0.64453125 0.31953125 0.1546875 0.2796875
0 0.61015625 0.09765625 0.1453125 0.1953125
0 0.75859375 0.32890625 0.1453125 0.2609375
0 0.72734375 0.09453125 0.1359375 0.1890625
0 0.8765625 0.325 0.146875 0.26875
0 0.8453125 0.09140625 0.15 0.1828125
0 0.16484375 0.7296875 0.3296875 0.540625
0 0.66484375 0.7296875 0.6703125 0.540625