0 0.309375 0.21484375 0.61875 0.4296875
0 0.809375 0.21484375 0.38125 0.4296875
0 0.48125 0.46953125 0.275 0.0796875
0 0.1671875 0.490625 0.334375 0.121875
0 0.48984375 0.56484375 0.2578125 0.1234375
0 0.1779548193957398 0.6092799089789984 0.3519636948044244 0.13084272274906433
0 0.48515625 0.6875 0.2671875 0.140625
0 0.17932817897281658 0.7327583525565633 0.3488386948044244 0.13067894843880482
0 0.50234375 0.80390625 0.2328125 0.1296875
0 0.19394187824146797 0.8531970053155252 0.3471398271096728 0.12278456128367524
0 0.5078125 0.925 0.221875 0.134375
0 0.2 0.953125 0.35625 0.09375
0 0.809375 0.71484375 0.38125 0.5703125