0 0.21953125 0.284375 0.4390625 0.56875
0 0.515625 0.43828125 0.153125 0.1640625
0 0.21953125 0.784375 0.4390625 0.43125
0 0.5421875 0.6 0.20625 0.0625
0 0.82265625 0.62265625 0.3390625 0.1078125
0 0.55390625 0.67109375 0.2296875 0.1515625
0 0.8336650848283484 0.723649703543914 0.32523743676633465 0.15183625253408284
0 0.5609375 0.79140625 0.24375 0.1484375
0 0.8370428038298247 0.8416820860574713 0.30346256631598434 0.15327148750696828
0 0.5703125 0.90703125 0.2625 0.1546875
0 0.84453125 0.94296875 0.2703125 0.1140625
0 0.578125 0.9765625 0.278125 0.046875