0 0.3046875 0.2046875 0.609375 0.409375
0 0.8046875 0.2046875 0.390625 0.409375
0 0.5546875 0.8609375 0.109375 0.278125
0 0.5875 0.57265625 0.04375 0.3265625
0 0.4625 0.84375 0.140625 0.3125
0 0.52421875 0.5625 0.1421875 0.30625
0 0.35234375 0.8296875 0.1421875 0.340625
0 0.4125 0.5453125 0.14375 0.271875
0 0.23692715739135375 0.8109707879835175 0.14386563487736143 0.3525179901980552
0 0.2984375 0.534375 0.14375 0.25
0 0.12195677403260378 0.7727299112633326 0.14382926728618087 0.3509554901980554
0 0.18359375 0.51953125 0.1421875 0.2203125
0 0.03671875 0.74765625 0.0734375 0.3453125
0 0.06953125 0.50234375 0.1390625 0.1859375
0 0.8046875 0.7046875 0.390625 0.590625